dim 100 100 100
putbox 0 53 0 20 0 6 0.0 0.0 0.0 1.0
cutbox 3 50 0 10 0 3
putbox 3 50 0 10 2 3 1 1 1 1.0
putbox 49 49 4 10 1 2 0.0 0.0 0.0 1.0
putbox 47 47 4 10 1 2 0.0 0.0 0.0 1.0
putbox 44 44 4 10 1 2 0.0 0.0 0.0 1.0
putbox 42 42 4 10 1 2 0.0 0.0 0.0 1.0
putbox 40 40 4 10 1 2 0.0 0.0 0.0 1.0
putbox 37 37 4 10 1 2 0.0 0.0 0.0 1.0
putbox 35 35 4 10 1 2 0.0 0.0 0.0 1.0
putbox 32 32 4 10 1 2 0.0 0.0 0.0 1.0
putbox 30 30 4 10 1 2 0.0 0.0 0.0 1.0
putbox 28 28 4 10 1 2 0.0 0.0 0.0 1.0
putbox 25 25 4 10 1 2 0.0 0.0 0.0 1.0
putbox 23 23 4 10 1 2 0.0 0.0 0.0 1.0
putbox 20 20 4 10 1 2 0.0 0.0 0.0 1.0
putbox 18 18 4 10 1 2 0.0 0.0 0.0 1.0
putbox 16 16 4 10 1 2 0.0 0.0 0.0 1.0
putbox 13 13 4 10 1 2 0.0 0.0 0.0 1.0
putbox 11 11 4 10 1 2 0.0 0.0 0.0 1.0
putbox 8 8 4 10 1 2 0.0 0.0 0.0 1.0
putbox 6 6 4 10 1 2 0.0 0.0 0.0 1.0
putbox 4 4 4 10 1 2 0.0 0.0 0.0 1.0
cutbox 21 32 14 17 0 0
putbox 21 32 14 17 1 1 0.1 0.1 0.5 1.0
putbox 17 18 17 18 0 0 1.0 1.0 1.0 1.0
putbox 17 18 14 15 0 0 1.0 1.0 1.0 1.0
putbox 17 18 12 12 0 0 0.2 1.0 1.0 1.0
cutbox 3 14 19 19 0 0
putbox 3 14 19 19 1 1 0.1 0.1 0.1 1.0
cutbox 39 50 19 19 0 0
putbox 39 50 19 19 1 1 0.1,0.1,0.1,1.0
putvoxel 15 17 0 1.0 0.5 0.5 1.0
putvoxel 13 17 0 1.0 0.5 0.5 1.0
putvoxel 11 17 0 1.0 0.5 0.5 1.0
putvoxel 15 15 0 1.0 0.5 0.5 1.0
putvoxel 13 15 0 1.0 0.5 0.5 1.0
putvoxel 11 15 0 1.0 0.5 0.5 1.0
putvoxel 15 13 0 1.0 0.5 0.5 1.0
putvoxel 13 13 0 1.0 0.5 0.5 1.0
putvoxel 11 13 0 1.0 0.5 0.5 1.0
cutvoxel 30 20 2
putvoxel 30 19 2 0.8 0.1 0.1 1.0
cutvoxel 28 20 2
putvoxel 28 19 2 0.8 0.1 0.1 1.0
cutvoxel 26 20 2
putvoxel 26 19 2 0.8 0.1 0.1 1.0
cutvoxel 24 20 2
putvoxel 24 19 2 0.8 0.1 0.1 1.0
putbox 50 51 17 17 0 0 0.8 0.1 0.1 1.0
putbox 47 48 16 16 0 0 1.0 1.0 1.0 1.0
putbox 47 48 14 14 0 0 1.0 1.0 1.0 1.0
putbox 47 48 12 12 0 0 1.0 1.0 1.0 1.0
putbox 44 45 16 17 0 0 0.2 1.0 1.0 1.0
putbox 44 45 13 14 0 0 0.2 1.0 1.0 1.0
putbox 41 42 16 16 0 0 1.0 1.0 1.0 1.0
putbox 41 42 14 14 0 0 1.0 1.0 1.0 1.0
putbox 41 42 12 12 0 0 1.0 1.0 1.0 1.0
putbox 38 39 16 17 0 0 0.2 1.0 1.0 1.0
putbox 38 39 13 14 0 0 0.2 1.0 1.0 1.0
putbox 7 8 16 16 0 0 0.2 0.8 0.8 1.0
putbox 7 8 14 14 0 0 0.2 0.8 0.8 1.0
putbox 4 5 16 16 0 0 0.2 0.8 0.8 1.0 
putbox 4 5 14 14 0 0 0.2 0.8 0.8 1.0
putbox 0 0 2 3 3 3 1.0 1.0 1.0 1.0
putbox 0 0 4 5 2 2 1.0 1.0 1.0 1.0
putbox 0 0 4 5 4 4 1.0 1.0 1.0 1.0
